1 43022
2 38459
3 38778
4 38907
5 39461
6 39034
7 39280
8 38358
9 39004
10 38429
20 38908
30 38784
40 39063
50 39160
60 39635
70 39562
80 39492
90 39552
100 42709
200 58716
300 42680
400 43458
500 44792
600 45726
700 47122
800 48244
900 49279
1000 50463
2000 63465
3000 74691
4000 86772
5000 98490
6000 110233
7000 145850
8000 151888
9000 146290
10000 187272
20000 303476
30000 397382
40000 516303
50000 681987
60000 764568
70000 918051
80000 1020311
90000 1146534
100000 1266630
200000 2459535
300000 3640102
400000 4831116
500000 6029506
600000 7230620
700000 8424929
800000 9622936
900000 10814868
1000000 12017341
2000000 23983399
3000000 35975595
4000000 47899834
5000000 59856683
6000000 71821165
7000000 83781486
8000000 95861622
9000000 107700249
10000000 119666601
20000000 239288906
30000000 358903670
40000000 478552672
50000000 598194796
60000000 718014806
70000000 837382851
80000000 957062223
90000000 1076970353
100000000 1196319663
