1 39029
2 39384
3 40411
4 40480
5 40780
6 41741
7 41943
8 42476
9 43389
10 46277
20 48813
30 53890
40 70980
50 64518
60 75226
70 85897
80 80559
90 85600
100 90914
200 143122
300 195963
400 247714
500 300129
600 352372
700 453067
800 457541
900 532347
1000 561572
2000 1092398
3000 1616158
4000 2145408
5000 2667783
6000 3188494
7000 3720962
8000 4279272
9000 4777057
10000 5291292
20000 10544719
30000 15772333
40000 21013268
50000 26252870
60000 31491430
70000 36803291
80000 41982395
90000 47226572
100000 52474158
200000 104869435
300000 157440525
400000 209703024
500000 262091009
600000 314538108
700000 366919404
800000 419409947
900000 471776061
1000000 524149857
2000000 1048272312
3000000 1572479653
4000000 2096562080
5000000 2620754361
6000000 3144727699
7000000 3668823844
8000000 4193124401
9000000 4717091084
10000000 5243025350
20000000 10486433133
30000000 15729930806
40000000 20968810208
50000000 26205352632
60000000 31447006199
70000000 36690727071
80000000 41929538379
90000000 47178823344
100000000 52418103440
