1 43582
2 48828
3 54040
4 59240
5 63193
6 69984
7 74446
8 80199
9 103267
10 89383
20 141160
30 193025
40 244937
50 302810
60 359709
70 400447
80 451753
90 510183
100 555350
200 1083070
300 1598618
400 2116174
500 2638381
600 3157783
700 3677346
800 4191768
900 4714332
1000 5231624
2000 10421894
3000 15602504
4000 20790867
5000 25965469
6000 31224627
7000 36360612
8000 41549859
9000 46710259
10000 51932474
20000 103716368
30000 155547168
40000 207389331
50000 259226695
60000 311149834
70000 363437836
80000 415334478
90000 466564453
100000 518382350
200000 1037242546
300000 1556049555
400000 2073509784
500000 2592902386
600000 3110120673
700000 3629109816
800000 4148680197
900000 4665723469
1000000 5185518252
2000000 10370541876
3000000 15553367876
4000000 20735748195
5000000 25922466462
6000000 31107598048
7000000 36292484369
8000000 41476569875
9000000 46663011528
10000000 51845258328
20000000 103669381196
30000000 155538519594
40000000 207371950889
50000000 259230930511
60000000 311301028857
70000000 363655438537
80000000 415830321265
90000000 467084647936
100000000 519750708425
