1 38583
2 38599
3 38364
4 38817
5 38554
6 38936
7 38740
8 39063
9 39054
10 39065
20 39935
30 40254
40 40694
50 41318
60 42220
70 42707
80 43170
90 43867
100 44380
200 53062
300 59341
400 62332
500 71625
600 77662
700 85820
800 110946
900 111786
1000 96646
2000 169673
3000 213130
4000 270674
5000 335659
6000 432845
7000 445092
8000 520821
9000 605123
10000 624892
20000 1204245
30000 1791250
40000 2394999
50000 2951559
60000 3534947
70000 4159036
80000 4741252
90000 5280523
100000 5861749
200000 11697640
300000 17534551
400000 23310487
500000 29126010
600000 34970199
700000 40762549
800000 46571750
900000 52387461
1000000 58209894
2000000 116353286
3000000 174561310
4000000 232662998
5000000 290829802
6000000 348959359
7000000 407189933
8000000 465271907
9000000 523574859
10000000 581735133
20000000 1163210204
30000000 1744683617
40000000 2326750636
50000000 2907878344
60000000 3489288648
70000000 4070881402
80000000 4652440819
90000000 5234127064
100000000 5815472556
